image: mymap1.pgm
resolution: 0.050000
origin: [-8.062487, -11.271439, 0.000000]
negate: 0
occupied_thresh: 0.65
free_thresh: 0.196

